29689
61859
43888
90223
33129
51730
71991
61487
97324
49578
86085
6099
43042
50425
77959
43848
40864
17981
15332
60906
79025
13071
51366
70066
93131
73373
80525
66298
49186
44873
95287
95227
23084
55527
85450
72566
7257
57442
34053
20934
23372
36490
43385
82767
86915
21345
26615
44132
55678
58299
21390
51055
87722
72757
37474
80854
62482
17999
63504
28020
79224
75143
23247
2309
30670
25049
74875
54280
98843
25280
75214
22216
61770
34951
4983
65038
72648
47950
9170
28327
22601
30560
95734
10323
19669
33208
7529
98503
67559
71033
26523
46784
62528
66122
65445
9551
91172
56672
63831
6367
81952
55397
44935
60074
90348
49918
41464
62997
14220
50634
7676
53173
97547
3410
63497
33568
36619
71026
32072
20530
58412
58595
67314
37292
24718
32759
46843
32242
89431
10674
54961
87735
82423
99897
64162
89124
66167
5626
68473
80388
56261
76149
49913
70160
95911
13410
3728
48882
789
35800
69413
75553
10748
36727
12845
51818
85839
76041
412
91622
3067
55373
79358
85491
55270
59872
74615
37790
65498
59440
18178
38111
35589
68091
8271
47852
97854
12000
96735
14995
64152
66148
6900
74900
19227
19745
43070
21418
95786
43482
13041
15206
98856
8751
697
70478
68623
91664
8268
34121
51104
42798
72233
3045
27242
96856
50897
41448
25208
47632
56443
89361
30132
63343
80613
65712
99440
23684
87130
11579
83518
171
26785
82374
25274
27482
69205
10249
35498
77473
44371
86602
36624
32956
5999
63866
46164
56896
21666
71373
20881
78109
77086
51013
57804
57699
16725
57244
97735
3856
68823
81254
20379
95608
79980
62006
39442
65537
72255
91292
59363
32978
94246
95987
82286
245
76205
28451
57142
97871
99824
94375
92332
93262
45388
50136
50961
78466
7380
65049
98674
92556
62655
35405
4516
42635
97411
43959
8173
86019
51603
67536
18997
45850
79875
17636
46095
56080
46087
19589
70303
62263
13964
62635
55525
75705
12771
22838
54171
20151
87887
52845
12707
50542
88250
33576
9530
2014
93887
34055
88033
45490
17943
23382
91340
97818
41018
53788
70250
87105
89729
56905
65720
20046
19540
21245
12103
48663
60436
66274
68814
48323
35471
97874
15218
40073
31450
41100
58439
25337
75155
46472
87179
93098
69855
94872
7268
10873
48660
93870
14331
54741
50775
80051
91139
86667
17649
3242
35330
78085
85868
20496
42760
37691
18370
74330
77765
66172
15430
36204
7861
6937
99029
95041
16387
85236
89913
23655
12461
54925
33877
26792
26018
84652
23196
17158
71319
57197
36752
23001
51634
22621
43498
10746
60312
61868
85077
54429
44393
16859
6986
68606
23797
6015
79999
40184
7603
86264
80192
20064
57541
14069
63209
83560
15074
86405
17070
2745
59954
53822
25747
11588
92795
69245
38686
53108
47465
23763
7537
8210
56975
14523
76817
80772
36890
56816
37308
44493
43081
33852
64558
622
47922
44119
534
79348
30524
33956
98445
6830
87779
24192
34770
80574
9789
73456
50034
57255
97220
57572
81817
70547
88447
58634
51319
25338
31803
4979
86183
91236
38832
67093
8210